500 1000 492000
1500 1000 688000
2500 1000 625000
3500 1000 544000
4500 1000 468000
5500 1000 405000
6500 1000 374000
7500 1000 340000
8500 1000 321000
9500 1000 303000
10500 1000 292000
11500 1000 286000
12500 1000 278000
13500 1000 269000
14500 1000 258000
15500 1000 245000
16500 1000 238000
17500 1000 220000
18500 1000 215000
19500 1000 208000
20500 1000 201000
21500 1000 197000
22500 1000 191000
23500 1000 187000
24500 1000 184000
25500 1000 179000
26500 1000 174000
27500 1000 170000
28500 1000 168000
29500 1000 164000
30500 1000 160000
31500 1000 157000
32500 1000 155000
33500 1000 153000
34500 1000 151000
35500 1000 147000
36500 1000 143000
37500 1000 141000
38500 1000 138000
39500 1000 135000
40500 1000 133000
41500 1000 132000
42500 1000 130000
43500 1000 130000
44500 1000 138000
45500 1000 124000
46500 1000 122000
47500 1000 119000
48500 1000 115000
49500 1000 113000
50500 1000 110000
51500 1000 108000
52500 1000 107000
53500 1000 104000
54500 1000 102000
55500 1000 100000
56500 1000 100000
57500 1000 98000
58500 1000 96000
59500 1000 93000
60500 1000 91000
61500 1000 89000
62500 1000 88000
63500 1000 86000
64500 1000 85000
65500 1000 83000
66500 1000 82000
67500 1000 81000
68500 1000 79000
69500 1000 78000
70500 1000 76000
71500 1000 75000
72500 1000 74000
73500 1000 73000
74500 1000 72000
75500 1000 70000
76500 1000 69000
77500 1000 68000
78500 1000 67000
79500 1000 66000
80500 1000 65000
81500 1000 64000
82500 1000 63000
83500 1000 62000
84500 1000 62000
85500 1000 61000
86500 1000 59000
87500 1000 58000
88500 1000 57000
89500 1000 57000
90500 1000 55000
91500 1000 54000
92500 1000 54000
93500 1000 52000
94500 1000 52000
95500 1000 50000
96500 1000 50000
97500 1000 49000
98500 1000 47000
99500 1000 47000
100500 1000 47000
101500 1000 46000
102500 1000 45000
103500 1000 44000
104500 1000 44000
105500 1000 43000
106500 1000 43000
107500 1000 41000
108500 1000 41000
109500 1000 40000
110500 1000 39000
111500 1000 39000
112500 1000 38000
113500 1000 37000
114500 1000 37000
115500 1000 36000
116500 1000 36000
117500 1000 35000
118500 1000 35000
119500 1000 33000
120500 1000 33000
121500 1000 32000
122500 1000 31000
123500 1000 31000
124500 1000 31000
125500 1000 31000
126500 1000 30000
127500 1000 30000
128500 1000 30000
129500 1000 30000
130500 1000 29000
131500 1000 28000
132500 1000 26000
133500 1000 26000
134500 1000 26000
135500 1000 25000
136500 1000 25000
137500 1000 26000
138500 1000 24000
139500 1000 23000
140500 1000 23000
141500 1000 23000
142500 1000 22000
143500 1000 22000
144500 1000 22000
145500 1000 21000
146500 1000 21000
147500 1000 20000
148500 1000 19000
149500 1000 19000
150500 1000 18000
151500 1000 18000
152500 1000 18000
153500 1000 17000
154500 1000 17000
155500 1000 17000
156500 1000 16000
157500 1000 16000
158500 1000 16000
159500 1000 15000
160500 1000 15000
161500 1000 15000
162500 1000 15000
163500 1000 14000
164500 1000 14000
165500 1000 14000
166500 1000 14000
167500 1000 13000
168500 1000 13000
169500 1000 13000
170500 1000 13000
171500 1000 12000
172500 1000 12000
173500 1000 12000
174500 1000 12000
175500 1000 11000
176500 1000 11000
177500 1000 11000
178500 1000 11000
179500 1000 11000
180500 1000 11000
181500 1000 10000
182500 1000 10000
183500 1000 10000
184500 1000 10000
185500 1000 10000
186500 1000 9000
187500 1000 9000
188500 1000 9000
189500 1000 9000
190500 1000 9000
191500 1000 9000
192500 1000 9000
193500 1000 8000
194500 1000 8000
195500 1000 8000
196500 1000 8000
197500 1000 8000
198500 1000 8000
199500 1000 7000
200500 1000 7000
